A = [ 1, 1, 2; 3, 5, 8; 13, 21, 34 ]

B = rand (3, 2); 

2 * A 

A * B 

A' * A 


#parei no 1.2.4